13<17 22 21 22 21 18 21 22 24 21 18 28 20 14 19 23 17 17 20 25 25 16 21 24 21 19 27 20 26 23 19 26 24 18 21  X
23 29 19 24 17 22 17 20 18 22 20 15 20 17 26 24 16 22 21 19 17 18 26 18 16 18 22 20 24 22 23 21 20 20 19 24 24
20 26 22 24 12 30 22 26 17 24 29 22 18 15 23  #  #  #  #  #  #  #  #  #  #  #  #  #  #  #  #  #  #  #  #  #  #
14 14 19 26 20 27 12 24 27 19 19 23 15 30 16 21 22 20 26 28 30 28 19 25 22 23 20 20 20 24 14 20 20 24 24 24 21
17 16 23 22 25 26 12 28 16 19 26 28 16 14 25 21 20 28 22 17 21 22 22 24 23 14 26 18 20 24 20 20 16 27 28 18 26
21 12 20 14 18 28 20 27 22 26 23 22 22 15 22 23 22 19 18 19 24 21 22 24 23 22 18 25 19 24 27 17 23 19 19 17 19
16 17 22 23 26 22 24 27 22 19 18 17 20 16 24 27 26 25 16 22>92<26 21 29 14 22 23 28 16 15 22 25 19 18 21 23 24
20 21 25 26 22 18 24 16 24 16 24 19 14 23 19 16 18 19 16 30 24 21 17 17 15 21 16 25 23 21 19 19 18 26 21 30 22
26 13 20 27 22 22 24 25 27 19 21 19 22 25 15 20 19 23 16 19 17 23 14 27 23 23 17 27 17 17 23 18 23 29 17 17 15
23 20 19 26 22 27 23 20 20 21 18 24 19 28 19 22 29 22 21 23 19 27 18 27 18 13 30 21 16 19 18 23 25 19 18 23 21
23 20 27 17 20 17 15 19 25 20 18 17 28 25 17 18 28 24 25 20 22 23 22 26 28 21 25 21 16 26 23 25 15 17 21 27 20
23 21 24 23 13 19 18 18 17 14 24 22 17 17 22 19 22 21 13 22 17 15 22 22 21 24 27 25 20 18 23 29 17 28 18 16 19
20 18 19 18 20 14 17 27 24 20 17 24 25 18 20 18 20 17 18 19 15 23 21 17 17 21 17 25 20 23 26 17 25 23 24 21 26
22 18 21 27 16 17 21 25 19 21 21 21 23 29 25 21 21 24 17 20 30 19 22 20 19 17 13 26 16 23 15 28 19 15 19 25 18
20 25 20 21 20 27 20 24 16 25 25 13 23 23 22 23 12 25 20 23 29 18 20 17 18 14 21 21 21 24 21 25 19 22 21 20 24
25 22 23 21 16 25 21 21 20 20 16 28 27 21 23 17 22 17 25 26 21 14 17 25 20 21 20 29 24 26 19 26 29 19 21 22 20
21 29 18 21 22 23 25 23 19 18 26 28 20 27 27 18 13 24 18 24 19 25 27 29 16 27 21 25 17 23 17 18 23 22 16 17 16
17 17 21 23 24 23 22 17 16 19 22 24 23 23 16 26 24 14 12 27 26 20 24 22 20 26 21 23 29 20 22 17 13 17 21 27 21
20 22 28 20 26 19 25 22 17 21 21 21 25 26 22 20 20 14 20 19 22 17 23 21 22 22 17 21 19 17 20 20 17 26 25 25 22
17 24 21 14 20 20 20 26 24 26 29 24 20 22 18 16 20 24 24 19 26 24 23 22 28 23 18 19 29 22 19 18 23 17 15 27 24
21 21 25 16 19 24 19 18 26 20 21 25 18 21 12 16 24 17 16 28 23 14 18 19 17 24 17 17 27 26 19 19 21 20 17 24 16
20 20 17 21 17 17 25 18 24 20 21 21 17 12 23 28 20 20 22 23 24 18 14 21 21 21 23 23 20 20 21 21 20 18 16 14 19
15 24 14 20 16 23 22 20 23 21 22 21 24 19 21 15 15 19 19 26 15 25 21 27 16 18 20 28 26 19 18 15 16 24 14 22 25
23 21 18 24 28 28 14 26 25 24 21 16 18 30 14 16 20 14 18 25 23 20 19 20 17 26 13 23 20 21 21 17 17 20 25 20 23
27 17 26 19 25 21 18 25 24 22 30 23 13 24 25 25 22 29 25 19 26 26 17 17 22 27 14 19 21 23 20 19 25 19 22 23 16
23 20 26 23 20 19 15 25 14 19 21 21 24 28 23 24 17 21 27 18 22 21 25 20 19 22 24 21 18 21 21 21 23 19 23 27 21
14 17 27 14 19 17 15 28 18 18 24 22 25 20 23 25 14 19 19 20 17 17 30 27 23 20 24 19 15 24 16 18 22 15 22 18 15