73<69 64 64 65 64 69 67 70 67 73 71 66 68 73 69 69 73 69 67 66 65 73 70 64 68 71 66 68 68 68 66 66 66 67 70  X
65 65 73 66 68 68 73 68 70 72 68 73 70 68 65 67 70 69 68 66 70 73 65 73 73 73 69 72 66 69 68 66 70 67 71 64 70
68 66 72 68 73 64 64 64 72 65 64 65 68 72 64  #  #  #  #  #  #  #  #  #  #  #  #  #  #  #  #  #  #  #  #  #  #
71 73 72 67 71 66 73 65 67 71 71 70 73 64 72 70 70 68 67 64 64 64 67 64 72 69 73 69 72 70 73 65 67 69 68 69 65
73 70 65 72 64 67 73 66 70 66 64 65 73 71 65 71 67 66 67 70 65 70 69 64 68 72 66 70 72 64 73 70 70 64 64 68 64
65 73 70 73 67 66 69 65 65 68 65 68 71 71 69 67 68 72 72 71 68 68 65 66 64 72 67 64 73 69 64 70 68 70 67 73 71
73 70 64 66 65 66 67 64 69 73 68 72 68 72 66 65 67 64 70 71>00<68 67 65 73 71 65 65 69 71 67 68 71 68 67 67 67
72 71 68 65 69 72 68 70 64 73 68 70 73 65 67 73 70 70 71 64 70 73 70 68 70 72 69 66 69 67 69 73 69 65 66 64 66
68 73 73 66 69 68 65 67 67 68 72 73 71 67 71 70 67 67 69 67 68 65 72 66 69 70 73 65 68 73 69 69 64 64 70 70 72
71 70 69 66 68 65 65 68 68 69 70 66 69 65 71 65 65 67 71 67 73 65 67 66 68 73 64 65 69 66 67 64 69 68 72 68 68
71 70 66 70 68 73 72 69 65 68 72 71 65 69 71 67 65 67 64 72 67 71 66 64 65 69 66 71 72 66 71 64 72 73 66 64 68
65 67 69 70 73 67 71 68 71 72 66 67 71 68 68 70 71 70 72 72 69 70 68 64 69 67 67 64 70 69 66 65 72 64 69 73 66
71 71 70 68 69 72 68 65 66 68 73 64 69 68 73 69 69 72 67 67 73 67 68 70 70 64 70 67 66 66 67 70 69 65 66 68 65
65 69 73 64 72 71 72 64 67 68 72 66 65 65 69 69 67 70 70 71 64 69 68 73 69 68 72 66 72 65 73 65 70 71 66 69 69
68 65 71 72 65 65 70 69 73 67 68 73 70 65 67 64 73 68 70 66 64 67 68 72 68 71 69 67 68 67 64 69 71 71 64 70 70
65 71 66 69 69 67 69 73 68 71 71 65 64 67 69 70 70 68 67 65 65 72 72 66 73 71 73 64 67 68 71 66 64 69 72 69 67
68 65 69 66 65 68 64 70 69 68 65 66 70 64 65 70 72 64 73 69 70 64 65 64 71 64 73 66 68 70 69 72 65 69 73 72 72
72 72 65 68 65 66 67 71 73 68 64 69 68 67 73 66 70 71 73 66 68 73 66 67 71 67 66 66 65 70 68 71 73 70 64 67 69
65 65 66 72 66 73 69 67 68 73 71 70 67 64 64 65 69 71 72 68 64 70 64 64 68 66 71 73 68 73 73 68 73 67 69 64 65
73 65 64 71 68 65 70 64 68 68 64 68 65 64 72 72 66 69 69 69 67 64 64 65 66 64 73 72 65 69 71 71 66 73 71 64 67
68 66 67 71 68 66 68 69 67 72 69 68 68 69 73 69 70 69 72 64 69 72 69 69 71 66 69 71 67 68 71 69 71 68 69 64 73
70 68 71 71 68 68 66 72 65 66 73 64 73 73 69 64 65 68 71 68 67 69 73 64 71 65 65 67 66 69 66 72 73 68 70 72 67
73 67 71 69 71 65 64 70 71 66 70 73 67 67 68 73 72 70 69 66 71 68 65 64 73 69 70 65 68 70 69 73 71 70 72 65 68
71 68 69 66 66 66 73 64 65 65 73 72 72 64 71 73 70 71 69 68 71 71 67 72 73 65 72 69 67 66 64 71 73 65 68 73 64
67 68 65 70 69 67 67 65 64 64 64 67 73 65 64 69 72 64 67 71 66 66 69 69 71 64 71 68 70 65 70 69 68 67 68 64 69
64 65 66 70 69 69 70 67 73 67 64 66 65 66 68 66 69 70 64 69 70 66 67 69 68 71 64 67 68 73 70 69 67 67 67 66 73
72 68 64 72 70 72 73 64 73 72 69 70 64 72 69 65 72 68 67 65 69 69 64 66 71 73 69 72 73 69 70 70 71 73 70 70 70